
 Anderson Anna *Female* PL67123456784444000010045678 4444000010045678 11:11 Sunday 1/MAY/2016 01234567894

 17 24 23 29 36 42
 14 46 44 9 23 23
 9 48 45 12 46 41

--------------------------------------------------------------------------------------------------------------------------------------
 Anderson Katarzyna *Female* PL67123456784444000010045678 4444000010045678 14:31 Sunday 1/MAY/2016 01234567894

 17 24 23 29 36 42
 14 46 44 9 23 23
 24 7 34 2 34 12

--------------------------------------------------------------------------------------------------------------------------------------
 Anderson Pamela *Female* PL67123456784444000010045678 4444000010045678 03:01 Friday 23/JUN/1989 01234567894

 17 24 23 29 36 42
 14 46 44 9 23 23
 24 7 34 2 34 12
 26 27 46 3 13 5
 23 43 17 44 10 6
 37 27 48 8 18 5
 45 9 4 24 12 22
 21 40 48 47 1 35
 9 48 45 12 46 41

--------------------------------------------------------------------------------------------------------------------------------------
 Banaszak Lolita *Female* PL61123400110011000012300678 0011000012300678 12:34 Friday 16/DEC/2016 01234567890

 1 10 23 30 38 47
 9 24 26 33 40 48
 8 14 26 33 47 41
 7 12 15 16 41 48
 6 14 20 27 28 40

--------------------------------------------------------------------------------------------------------------------------------------
 Brosnan Pierce *Male* PL47876543211111000012345678 1111000012345678 13:12 Tuesday 9/AUG/2016 01234567893

 17 39 40 27 25 18
 25 49 4 47 29 16
 29 4 12 27 25 16

--------------------------------------------------------------------------------------------------------------------------------------
 Burak Helena *Female* PL62123456780001100011345611 0001100011345611 19:56 Monday 28/NOV/2016 01234567893

 2 5 16 18 37 39
 8 10 28 40 43 46
 24 25 29 31 34 47

--------------------------------------------------------------------------------------------------------------------------------------
 Fajfus Andrzej *Male* PL61123456780002200022346678 0002200022346678 18:01 Tuesday 6/DEC/2016 01234567890

 7 13 21 37 41 2
 3 6 23 40 31 20
 32 14 45 38 37 11

--------------------------------------------------------------------------------------------------------------------------------------
 Fajfus Gag *Male* PL61123456780002200022346678 0002200022346678 18:01 Tuesday 6/DEC/2016 01234567890

 7 13 21 37 41 2
 3 6 23 40 31 20

--------------------------------------------------------------------------------------------------------------------------------------
 Fajfus Tadeusz *Male* PL61123456380002200022346678 0002200022346678 08:01 Thursday 6/OCT/2016 01232567890

 7 13 21 37 41 2
 3 6 23 40 41 3
 6 17 23 24 35 12
 15 30 33 34 49 15
 6 7 8 26 49 18
 8 10 15 25 31 20

--------------------------------------------------------------------------------------------------------------------------------------
 Krupa Joanna *Female* PL56123456780000000012345000 0000000012345000 21:20 Saturday 19/NOV/2016 01234567898

 32 14 45 38 37 11

--------------------------------------------------------------------------------------------------------------------------------------
 Lopez Jennifer *Female* PL67123456780000333312345678 0000333312345678 12:11 Wednesday 21/DEC/2016 01234567894

 32 14 45 38 37 11
 41 16 25 46 34 48
 5 31 21 29 22 11
 4 40 17 6 37 29
 5 31 21 29 22 11
 41 16 25 46 34 48

--------------------------------------------------------------------------------------------------------------------------------------
 Mielnus Katarzyna *Female* PL64123456003333000012345600 3333000012345600 12:11 Friday 2/DEC/2016 01234567897

 10 24 27 31 41 46
 12 23 38 42 46 49
 4 5 23 32 39 44
 6 9 10 16 28 43
 4 10 23 27 28 39
 2 8 17 31 36 42
 15 17 26 29 32 47

--------------------------------------------------------------------------------------------------------------------------------------
 Moore Demi *Female* PL47123456782222000008765432 2222000008765432 17:05 Friday 2/SEP/2016 01234567894

 22 44 40 33 7 30
 8 1 31 4 17 28
 13 29 38 33 6 19
 47 13 3 31 16 36
 34 11 20 29 49 6
 25 8 44 22 10 26

--------------------------------------------------------------------------------------------------------------------------------------
 Mucha Anna *Female* PL54123456780000222212300078 0000222212300078 21:18 Wednesday 12/OCT/2016 01234567892

 9 48 45 12 46 41
 21 40 48 47 1 35
 45 9 4 24 12 22
 37 27 48 8 18 5
 23 43 17 44 10 6
 26 27 46 3 13 5
 14 46 44 9 24 7

--------------------------------------------------------------------------------------------------------------------------------------
 Pawlik Pamela *Female* PL63123456780000000012345678 0000000012345678 10:12 Thursday 24/NOV/2016 01234567898

 1 2 15 33 43 45
 9 13 17 21 29 47
 10 14 18 27 38 43
 3 5 6 18 24 42

--------------------------------------------------------------------------------------------------------------------------------------
 Piernik Marcin *Male* PL65123456780000444412300678 0000444412300678 13:20 Sunday 4/DEC/2016 01234567896

 27 29 40 43 44 49
 7 15 32 37 29 42

--------------------------------------------------------------------------------------------------------------------------------------
 Zeta-Jones Catherine *Female* PL47123456780000111100005678 0000111100005678 10:02 Tuesday 27/SEP/2016 01234567892

 17 24 23 29 36 42
 48 49 6 7 19 45
 16 15 37 44 28 35
 49 47 23 46 24 35

--------------------------------------------------------------------------------------------------------------------------------------
 STATYSTYKI
 1 wyst = 5 2 wyst = 8 3 wyst = 8 4 wyst = 8 5 wyst = 9 6 wyst = 14 7 wyst = 11 8 wyst = 9 9 wyst = 12 10 wyst = 10
 11 wyst = 6 12 wyst = 11 13 wyst = 8 14 wyst = 10 15 wyst = 8 16 wyst = 9 17 wyst = 13 18 wyst = 7 19 wyst = 2 20 wyst = 5
 21 wyst = 8 22 wyst = 6 23 wyst = 21 24 wyst = 15 25 wyst = 8 26 wyst = 7 27 wyst = 11 28 wyst = 6 29 wyst = 16 30 wyst = 3
 31 wyst = 10 32 wyst = 6 33 wyst = 6 34 wyst = 9 35 wyst = 5 36 wyst = 6 37 wyst = 12 38 wyst = 7 39 wyst = 4 40 wyst = 12
 41 wyst = 12 42 wyst = 8 43 wyst = 7 44 wyst = 11 45 wyst = 10 46 wyst = 15 47 wyst = 10 48 wyst = 12 49 wyst = 8